Circle 1:
93.4878523751326, 182.35526262775494
93.4878523751326, 182.35526262775494
98.26900710458102, 175.7811748747634
164.60752897567784, 139.9225144039002
194.4897460347305, 131.55549362736548
215.4072979760673, 127.37198323909814
240.50836030567154, 124.98140587437393
306.8468821767684, 130.36020494500337
378.5642031184947, 156.65655595696973
423.98517304825475, 199.68694852200548
439.52392591896205, 230.16680992223917
440.12157026014313, 280.36893458144755
355.25607381243367, 383.76140560576965
166.40046199922102, 411.25304530009805
105.44073919875365, 392.1284263823044
49.26217112773469, 335.3522139701044
42.09043903356206, 248.69378449885176

Circle 2:
427.571039095341, 129.76256060382235
462.83205522502317, 120.79789548610654
487.33547321344633, 97.48976618004548
467.6132099544716, 68.20519346217395
387.52886823621054, 52.666440591466596
341.5102539652695, 65.81461609744974
331.94794450637266, 77.1698585798897
343.3031869888126, 109.44265300366658

Circle 3:
243.49658201157683, 89.72038974469183
262.6212009293705, 74.7792812151655
244.69187069393888, 56.84995097973393
218.99316402315367, 57.44759532091501
202.8567668112653, 64.02168307390656
195.08739037591158, 72.38870385044129
196.28267905827363, 84.34159067406233
212.41907627016212, 90.31803408587285
