Circle 1:
525.6048387096774, 288.65009072580665
564.0282258064517, 257.61581653225824
608.3629032258065, 242.83759072580665
686.6875, 245.7932358870969
728.0665322580646, 284.21662298387116
658.608870967742, 318.2065423387098
569.9395161290323, 318.2065423387098

Circle 2:
1109.3447580645163, 315.25089717741946
1195.0584677419356, 296.0392036290324
1168.4576612903227, 245.7932358870969
1119.6895161290324, 241.3597681451614
1048.7540322580646, 245.7932358870969
1020.6754032258066, 259.09363911290336
1013.2862903225807, 297.5170262096776
1059.0987903225807, 313.77307459677434
1168.4576612903227, 309.33960685483885
1206.8810483870968, 273.87186491935495

Circle 3:
1477.3225806451615, 267.96057459677434
1523.1350806451615, 241.3597681451614
1653.1834677419356, 254.66017137096787
1678.3064516129034, 270.9162197580647
1679.7842741935485, 297.5170262096776
1650.2278225806454, 310.817429435484
1610.326612903226, 316.7287197580647
1534.9576612903227, 307.8617842741937
