Circle 1:
531.516129032258, 273.90388440860204
566.983870967742, 319.22377688172026
643.8306451612902, 321.19420698924716
714.766129032258, 297.5490456989246
728.5591397849462, 269.9630241935482
671.4166666666665, 246.31786290322566
594.5698924731182, 248.28829301075257

Circle 2:
1004.4193548387095, 285.72646505376326
1144.3198924731182, 315.28291666666655
1199.491935483871, 295.5786155913977
1181.758064516129, 254.19958333333318
1051.7096774193549, 248.28829301075257
1018.2123655913979, 262.0813037634407
1102.9408602150538, 240.40657258064505

Circle 3:
1538.4059139784945, 242.37700268817196
1506.8790322580644, 246.31786290322566
1479.2930107526881, 267.9925940860214
1526.5833333333333, 305.4307661290321
1595.5483870967741, 317.25334677419346
1676.3360215053763, 297.5490456989246
1642.8387096774193, 250.25872311827948
